Январь
-18 -16 -16 -13 -14 -12 -13 -14 -16 -15 -14 -19 -15 -16 -18 -17 -17 -18 -13 -17 -13 -20 -13 -20 -13 -14 -15 -13 -19 -13 -15 
Февраль
-9 -11 -15 -15 -13 -9 -11 -11 -10 -10 -12 -12 -7 -13 -12 -12 -9 -10 -7 -13 -10 -10 -12 -10 -8 -15 -11 -14 -10 -12 -10 
Март
-5 7 7 -5 -4 4 4 4 -3 4 6 8 6 -3 -4 -2 8 -5 1 -5 -2 -4 -4 -4 -1 4 1 -5 -2 8 -2 
Апрель
11 10 10 12 22 20 13 11 13 16 23 10 15 12 11 10 14 10 15 12 15 14 11 21 23 17 12 15 11 12 16  
Май
18 15 22 18 19 17 19 22 23 22 20 18 15 16 20 19 19 16 19 23 16 21 23 20 23 17 17 18 16 22 16 
Июнь
25 20 24 23 26 28 24 22 26 27 25 27 24 25 22 26 20 26 20 28 26 20 26 21 22 27 25 21 20 21 23 
Июль
27 33 21 21 31 22 32 26 28 26 33 32 22 28 31 31 21 25 22 21 26 28 27 20 33 33 25 20 24 24 27 
Август
24 15 23 22 20 21 21 18 16 18 17 24 24 23 28 15 15 23 26 22 26 27 22 24 26 26 22 28 20 24 19   
Сентябрь
11 15 12 14 10 12 16 16 6 14 13 8 18 18 18 10 15 12 14 8 16 5 13 11 14 18 7 17 11 13 6 
Октябрь
-4 -4 -1 8 6 4 1 -4 -4 0 5 -2 -5 6 -3 8 -4 3 -3 8 -5 -2 -1 6 -4 -5 -3 -4 1 8 5 
Ноябрь
-7 1 -9 -8 -2 1 -5 1 -6 -10 3 -2 -2 -3 1 3 -9 -8 -9 1 -4 -7 -4 -2 -3 -2 -5 1 -5 -8 -9 
Декабрь
-15 -4 -11 -2 -14 -2 -4 -4 -15 -14 -13 -8 -6 -2 -9 -6 -6 -14 -6 -7 -2 -6 -5 -8 -8 -10 -4 -6 -12 -10 -4 